{
 "cells": [
  {
   "cell_type": "markdown",
   "id": "3c34dbbb",
   "metadata": {},
   "source": [
    "##  Optimzation using Hill Climb Approach"
   ]
  },
  {
   "cell_type": "code",
   "execution_count": 11,
   "id": "913ec586",
   "metadata": {},
   "outputs": [
    {
     "name": "stdout",
     "output_type": "stream",
     "text": [
      "w1_list : [3, 4, 5, 6, 9, 11, 12, 13, 16, 18, 20, 23]\n",
      "w2_list : [1, 2, 7, 8, 10, 14, 15, 17, 19, 21, 22]\n"
     ]
    }
   ],
   "source": [
    "import numpy\n",
    "import random\n",
    "\n",
    "#given distance array \n",
    "dist = numpy.array([\n",
    "    [0, 74, 58, 77, 88, 72, 61, 47, 101, 25, 75, 80, 43, 57, 33, 60, 93, 57, 22, 90, 52, 48, 95, 71, 35], \n",
    "    [74, 0, 25, 45, 55, 45, 62, 28, 30, 54, 20, 53, 47, 17, 57, 61, 19, 67, 52, 69, 26, 35, 37, 56, 43], \n",
    "    [58, 25, 0, 28, 40, 25, 68, 16, 45, 45, 18, 35, 22, 16, 33, 36, 40, 42, 38, 51, 7, 11, 38, 34, 37], \n",
    "    [77, 45, 28, 0, 13, 5, 96, 43, 47, 70, 25, 8, 34, 43, 45, 28, 49, 36, 62, 24, 34, 32, 27, 15, 64], \n",
    "    [88, 55, 40, 13, 0, 16, 109, 56, 51, 82, 35, 8, 45, 56, 55, 34, 56, 41, 74, 15, 47, 44, 29, 19, 76], \n",
    "    [72, 45, 25, 5, 16, 0, 93, 40, 50, 66, 25, 9, 29, 41, 40, 24, 51, 32, 57, 25, 31, 28, 31, 12, 60], \n",
    "    [61, 62, 68, 96, 109, 93, 0, 54, 90, 39, 78, 103, 74, 54, 74, 96, 77, 98, 49, 118, 62, 67, 98, 100, 36], \n",
    "    [47, 28, 16, 43, 56, 40, 54, 0, 55, 30, 31, 49, 24, 11, 31, 45, 46, 49, 25, 65, 9, 14, 52, 47, 21], \n",
    "    [101, 30, 45, 47, 51, 50, 90, 55, 0, 83, 28, 53, 66, 46, 78, 72, 13, 80, 80, 67, 49, 56, 23, 62, 72], \n",
    "    [25, 54, 45, 70, 82, 66, 39, 30, 83, 0, 60, 75, 40, 37, 37, 62, 73, 62, 11, 88, 38, 38, 82, 69, 11], \n",
    "    [75, 20, 18, 25, 35, 25, 78, 31, 28, 60, 0, 33, 38, 25, 50, 45, 26, 53, 55, 49, 23, 28, 22, 38, 51], \n",
    "    [80, 53, 35, 8, 8, 9, 103, 49, 53, 75, 33, 0, 37, 50, 47, 26, 56, 34, 66, 16, 41, 37, 32, 12, 69], \n",
    "    [43, 47, 22, 34, 45, 29, 74, 24, 66, 40, 38, 37, 0, 33, 12, 22, 62, 25, 30, 49, 21, 12, 55, 30, 38], \n",
    "    [57, 17, 16, 43, 56, 41, 54, 11, 46, 37, 25, 50, 33, 0, 41, 51, 36, 56, 35, 67, 12, 21, 47, 50, 27], \n",
    "    [33, 57, 33, 45, 55, 40, 74, 31, 78, 37, 50, 47, 12, 41, 0, 27, 73, 25, 26, 56, 31, 23, 67, 38, 38], \n",
    "    [60, 61, 36, 28, 34, 24, 96, 45, 72, 62, 45, 26, 22, 51, 27, 0, 72, 8, 51, 31, 39, 31, 55, 14, 60], \n",
    "    [93, 19, 40, 49, 56, 51, 77, 46, 13, 73, 26, 56, 62, 36, 73, 72, 0, 79, 71, 72, 43, 50, 30, 63, 62], \n",
    "    [57, 67, 42, 36, 41, 32, 98, 49, 80, 62, 53, 34, 25, 56, 25, 8, 79, 0, 51, 36, 44, 35, 63, 22, 62], \n",
    "    [22, 52, 38, 62, 74, 57, 49, 25, 80, 11, 55, 66, 30, 35, 26, 51, 71, 51, 0, 79, 32, 30, 76, 60, 15], \n",
    "    [90, 69, 51, 24, 15, 25, 118, 65, 67, 88, 49, 16, 49, 67, 56, 31, 72, 36, 79, 0, 56, 51, 44, 19, 84], \n",
    "    [52, 26, 7, 34, 47, 31, 62, 9, 49, 38, 23, 41, 21, 12, 31, 39, 43, 44, 32, 56, 0, 9, 44, 39, 30], \n",
    "    [48, 35, 11, 32, 44, 28, 67, 14, 56, 38, 28, 37, 12, 21, 23, 31, 50, 35, 30, 51, 9, 0, 48, 33, 32], \n",
    "    [95, 37, 38, 27, 29, 31, 98, 52, 23, 82, 22, 32, 55, 47, 67, 55, 30, 63, 76, 44, 44, 48, 0, 42, 73], \n",
    "    [71, 56, 34, 15, 19, 12, 100, 47, 62, 69, 38, 12, 30, 50, 38, 14, 63, 22, 60, 19, 39, 33, 42, 0, 65], \n",
    "    [35, 43, 37, 64, 76, 60, 36, 21, 72, 11, 51, 69, 38, 27, 38, 60, 62, 62, 15, 84, 30, 32, 73, 65, 0],\n",
    "    ])\n",
    "\n",
    "#Assigning stores to one of the warehouses based on their distance \n",
    "w1_list, w2_list = list(),list()\n",
    "for i in range(23):\n",
    "    if(dist[23][i] < dist[24][i]) :\n",
    "        w1_list.append(i+1)\n",
    "    else :\n",
    "        w2_list.append(i+1)\n",
    "print(\"w1_list :\",w1_list)\n",
    "print(\"w2_list :\",w2_list)\n",
    "\n",
    "#Dividing the problem in to 2 separate TSP problems\n",
    "#Manually typing the distance matrix of each of the lists\n",
    "#Distance matrix  of [3, 4, 5, 6, 9, 11, 12, 13, 16, 18, 20, 23] wrt store W1\n",
    "dist_W1 = numpy.array([\n",
    "    [0, 28, 40, 25, 45, 18, 35, 22, 36, 42, 51, 38, 34],#3\n",
    "    [28, 0, 13, 5, 47, 25, 8, 34, 28, 36, 24, 27, 15],#4\n",
    "    [40, 13, 0, 16, 51, 35, 8, 45, 34, 41, 15, 29, 19],#5\n",
    "    [25, 5, 16, 0, 50, 25, 9, 29, 24, 32, 25, 31, 12],#6\n",
    "    [45, 47, 51, 50, 0, 28, 53, 66, 72, 80, 67, 23, 62],#9\n",
    "    [18, 25, 35, 25, 28, 0, 33, 38, 45, 53, 49, 22, 38],#11\n",
    "    [35, 8, 8, 9, 53, 33, 0, 37, 26, 34, 16, 32, 12],#12\n",
    "    [22, 34, 45, 29, 66, 38, 37, 0, 22, 25, 49, 55, 30],#13\n",
    "    [36, 28, 34, 24, 72, 45, 26, 22, 0, 8, 31, 55, 14],#16\n",
    "    [42, 36, 41, 32, 80, 53, 34, 25, 8, 0, 36, 63, 22],#18\n",
    "    [51, 24, 15, 25, 67, 49, 16, 49, 31, 36, 0, 44, 19],#20\n",
    "    [38, 27, 29, 31, 23, 22, 32, 55, 55, 63, 44, 0, 42],#23\n",
    "    [34, 15, 19, 12, 62, 38, 12, 30, 14, 22, 19, 42, 0],#W1   286 \n",
    "    ])\n",
    "\n",
    "\n",
    "dist_W2 = numpy.array([\n",
    "    [0, 74, 61, 47, 25, 57, 33, 93, 22, 52, 48, 35],#1\n",
    "    [74, 0, 62, 28, 54, 17, 57, 19, 52, 26, 35, 43],#2\n",
    "    [61, 62, 0, 54, 39, 54, 74, 77, 49, 62, 67, 36],#7\n",
    "    [47, 28, 54, 0, 30, 11, 31, 46, 25, 9, 14, 21],#8\n",
    "    [25, 54, 39, 30, 0, 37, 37, 73, 11, 38, 38, 11],#10\n",
    "    [57, 17, 54, 11, 37, 0, 41, 36, 35, 12, 21, 27],#14\n",
    "    [33, 57, 74, 31, 37, 41, 0, 73, 26, 31, 23, 38],#15\n",
    "    [93, 19, 77, 46, 73, 36, 73, 0, 71, 43, 50, 62],#17\n",
    "    [22, 52, 49, 25, 11, 35, 26, 71, 0, 32, 30, 15],#19\n",
    "    [52, 26, 62, 9, 38, 12, 31, 43, 32, 0, 9, 30],#21\n",
    "    [48, 35, 67, 14, 38, 21, 23, 50, 30, 9, 0, 32],#22\n",
    "    [35, 43, 36, 21, 11, 27, 38, 62, 15, 30, 32, 0],#W2\n",
    "])"
   ]
  },
  {
   "cell_type": "code",
   "execution_count": 10,
   "id": "fa452f28",
   "metadata": {},
   "outputs": [],
   "source": [
    "#Predefining the combinations possible for the vehicle\n",
    "vehicle_combinations = [('Van','Van','Van'),('Lorry'),('Van','Lorry'),('Van','Van','Lorry')]\n",
    "\n",
    "#method to insert valuess in list according to the combinations and return the updated list with corressponding cost\n",
    "def add_vehicle(best_path):\n",
    "    size = len(best_path)\n",
    "    \n",
    "    #print(size,\"size in method\")\n",
    "    if best_path.count(size) > 0 :\n",
    "        best_path.remove(size)\n",
    "    cost_list = list()\n",
    "    choice = random.choice(vehicle_combinations)\n",
    "    if choice == ('Van','Van','Van') :\n",
    "        best_path.insert(0,size)\n",
    "        best_path.insert(5,size)\n",
    "        best_path.insert(10,size)\n",
    "        #print(len(best_path))\n",
    "        cost_list = [1,1,1,1,1,1,1,1,1,1,1,1,1,1]\n",
    "        \n",
    "    elif choice == ('Lorry') :\n",
    "        best_path.insert(0,size)\n",
    "        #print(len(best_path))\n",
    "        cost_list = [2,2,2,2,2,2,2,2,2,2,2,2]\n",
    "        \n",
    "    elif choice == ('Van','Lorry') :\n",
    "        best_path.insert(0,size)\n",
    "        best_path.insert(5,size)\n",
    "        #print(len(best_path))\n",
    "        cost_list = [1,1,1,1,1,2,2,2,2,2,2,2,2]\n",
    "        \n",
    "    else :\n",
    "        best_path.insert(0,size)\n",
    "        best_path.insert(5,size)\n",
    "        best_path.insert(10,size)\n",
    "        #print(len(best_path))\n",
    "        cost_list = [1,1,1,1,1,1,1,1,1,1,2,2,2,2]\n",
    "    \n",
    "    return best_path,choice,cost_list\n",
    "        \n",
    "    "
   ]
  },
  {
   "cell_type": "code",
   "execution_count": 9,
   "id": "843b1976",
   "metadata": {},
   "outputs": [],
   "source": [
    "import random\n",
    "import numpy \n",
    "\n",
    "#main tsp algorithm\n",
    "def tsp(dist) :\n",
    "    \n",
    "    #initializing overall best variables\n",
    "    best_path_overall = list()\n",
    "    best_distance_overall = 99999\n",
    "    best_cost_overall = 99999\n",
    "    best_choice_overall = tuple()\n",
    "    number_of_hillclimbs=100\n",
    "    for i in range(number_of_hillclimbs) :\n",
    "        size = len(dist[1,:])    #Gives the number of nodes\n",
    "        best_path = []\n",
    "        for i in range(size):\n",
    "            best_path.append(i+1)   #Buids up a vector of 1,2,3,4...,n\n",
    "\n",
    "        random.shuffle(best_path)  #Randomise path to get initial solution\n",
    "        best_pathx2 = best_path.copy()\n",
    "        best_path,choice,cost_list = add_vehicle(best_path)\n",
    "       \n",
    "\n",
    "        ##### Find distance of initial solution\n",
    "        size = len(best_path)\n",
    "        best_distance =  dist[best_path[size-1]-1][best_path[0]-1]  #Distance from final node to start  node\n",
    "        best_cost = best_distance * cost_list[-1]\n",
    "        best_choice = choice\n",
    "        for i in range(size-1):\n",
    "            best_distance = best_distance + dist[best_path[i]-1][best_path[i+1]-1]  #Add distances of each part of the path\n",
    "            best_cost = best_cost + (dist[best_path[i]-1][best_path[i+1]-1] * cost_list[i])\n",
    "\n",
    "        \n",
    "        number_of_swaps = 10000 #Number of hill-climb steps\n",
    "\n",
    "        for x in range(number_of_swaps) :\n",
    "            ##### Create a new path\n",
    "            entry1 = random.randint(1,len(best_pathx2)-1) # randomly choose first entry\n",
    "            entry2 = random.randint(1,len(best_pathx2)-1) # randomly choose second entry\n",
    "            new_path = best_pathx2.copy() \n",
    "         \n",
    "            new_path[entry1],new_path[entry2] = new_path[entry2],new_path[entry1] #changes the vector given the two random entries to swap\n",
    "            \n",
    "            ##### Calculate distance of the new path\n",
    "            new_path,choice,cost_list = add_vehicle(new_path)\n",
    "            size = len(new_path)\n",
    "            new_distance = dist[new_path[size-1]-1][new_path[0]-1]  #Distance from final node to start node\n",
    "            new_cost = new_distance * cost_list[-1]\n",
    "\n",
    "            for i in range(len(new_path)-1):\n",
    "                new_distance = new_distance + dist[new_path[i]-1][new_path[i+1]-1]\n",
    "                new_cost = new_cost + (dist[new_path[i]-1][new_path[i+1]-1] * cost_list[i])\n",
    "            \n",
    "\n",
    "            ##### Check if new path is shorter than best path  \n",
    "            if new_cost < best_cost:\n",
    "                best_path = new_path.copy()\n",
    "                best_distance = new_distance\n",
    "                best_cost = new_cost\n",
    "                best_choice = choice\n",
    "                \n",
    "        if best_cost < best_cost_overall:\n",
    "            best_path_overall = best_path.copy()\n",
    "            best_distance_overall = best_distance\n",
    "            best_cost_overall = best_cost\n",
    "            best_choice_overall = best_choice\n",
    "    return best_path_overall,best_distance_overall,best_choice_overall,best_cost_overall"
   ]
  },
  {
   "cell_type": "code",
   "execution_count": 13,
   "id": "bb273a44",
   "metadata": {},
   "outputs": [
    {
     "name": "stdout",
     "output_type": "stream",
     "text": [
      "[13, 7, 3, 2, 11, 13, 1, 8, 10, 9, 13, 12, 5, 6, 4] 309 ('Van', 'Van', 'Van') 309 W1\n",
      "[12, 6, 2, 8, 3, 12, 5, 9, 1, 7, 12, 4, 10, 11] 362 ('Van', 'Van', 'Van') 362 W2\n",
      "The Least combined cost for all deliveries :  671\n"
     ]
    }
   ],
   "source": [
    "#calling methods to return best path and choices for both warehouses\n",
    "best_path_overall_W1,best_distance_overall_W1,best_choice_overall_W1,best_cost_overall_W1 = tsp(dist_W1)\n",
    "best_path_overall_W2,best_distance_overall_W2,best_choice_overall_W2,best_cost_overall_W2 = tsp(dist_W2)\n",
    "\n",
    "print(best_path_overall_W1,best_distance_overall_W1,best_choice_overall_W1,best_cost_overall_W1,\"W1\")\n",
    "print(best_path_overall_W2,best_distance_overall_W2,best_choice_overall_W2,best_cost_overall_W2,\"W2\")\n",
    "\n",
    "\n",
    "print(\"The Least combined cost for all deliveries : \",best_cost_overall_W1+best_cost_overall_W2)"
   ]
  }
 ],
 "metadata": {
  "kernelspec": {
   "display_name": "Python 3 (ipykernel)",
   "language": "python",
   "name": "python3"
  },
  "language_info": {
   "codemirror_mode": {
    "name": "ipython",
    "version": 3
   },
   "file_extension": ".py",
   "mimetype": "text/x-python",
   "name": "python",
   "nbconvert_exporter": "python",
   "pygments_lexer": "ipython3",
   "version": "3.9.12"
  }
 },
 "nbformat": 4,
 "nbformat_minor": 5
}
